network_connectivity_state	acc_vs_loc	time_since_last_successful_ping	gps_accuracy_1	gps_accuracy_2	gps_accuracy_3	gps_accuracy_4	gps_accuracy_5	area_risk	is_anomaly	anomaly_score
1	1	3	10.575148521740678	3.0416230646673945	4.163770665699152	19.89036414570073	7.616416756084802	low	False	-0.11450586843719635
1	0	19	8.080492349477312	24.54764700543162	11.689997974725271	5.078728787671807	20.46929442330707	high	False	-0.10259464256186457
0	1	230	51.516671541209895	60.090339551321605	40.99766793088499	55.56074377125559	65.13658399419027	high	True	-0.26623929797573087
1	1	15	16.975754252268786	4.802616390545943	11.219934054411713	11.986275448312968	15.716762497156168	low	False	-0.12433726797515277
1	1	6	7.931009254302891	18.756790143797552	7.861439382067834	5.27767205979263	10.477168011374635	low	False	-0.07482839563924759
1	1	19	18.213820871902968	11.703341993055115	9.893047285258715	5.51072172570391	11.033954227524474	low	False	-0.09804660057140002
1	1	39	14.257197237353749	17.7120856883628	17.732619072163732	7.306371755808893	10.460487603062722	low	False	-0.1456909867527142
1	1	107	8.737767441393238	23.275549320408548	5.1226356333635215	20.26031139753708	5.393669062490016	med	True	-0.19418725898498979
1	1	61	6.77301548554966	6.657551295552867	3.468443253118268	9.254080329407511	13.02604960503247	low	False	-0.11847858994003746
1	1	2	7.3966244295580355	13.185995578665652	5.639258947338291	13.173188114865471	15.62196654183137	low	False	-0.11922274975189007
1	1	2	13.9899979483055	4.066627842003715	5.754566326460457	16.91179941776044	19.574631325335773	med	True	-0.15166951228464987
1	1	20	11.936722588776767	15.585456307822945	7.540644635677351	18.91059488051572	13.786047583777094	low	False	-0.13502143079015383
1	1	12	15.21158289478005	18.431726221244176	15.41035042830502	15.989940658570369	4.319220351151918	med	True	-0.16505766051400683
1	1	29	16.17022011307914	5.625114672102181	19.646834465674512	6.622763407958594	16.62440798279373	low	True	-0.15513283484081208
1	1	6	5.257780163432066	13.886733967355024	12.790809964750812	4.3915232004992255	13.531629306361802	med	False	-0.12301266753881313
1	1	3	15.359841212992109	7.171532246893504	19.36766314724309	6.582028378043372	9.296021558477076	low	False	-0.10404250041815954
1	1	16	10.898964133552404	13.657431689105763	9.64316839059762	18.15745574662042	6.603621345873881	low	False	-0.10581762750399071
1	1	3	16.87554519940818	3.022377112804283	18.592172255550626	7.898453561167251	19.77788730934841	med	True	-0.17571526934383752
1	1	2	3.4174651521919586	16.920697079945246	13.26646459772754	3.0480287125146046	14.84952037952744	low	True	-0.16890363256939023
1	1	3	16.168317442878358	17.473617114078372	6.467233018602948	18.05385332489228	9.715357347994708	low	False	-0.13929574564339142
1	1	32	19.47351369768827	9.173251588350627	13.727837369571551	5.408879040664462	8.36886028996672	low	False	-0.11337452296011008
1	1	92	16.84864611791242	18.18040425359945	17.684595921747366	20.14566939025554	16.46310443576063	med	True	-0.23186923317063668
1	1	9	7.734213019391929	11.06645940057744	4.696246609610994	10.906816244651054	6.414907233646126	low	False	-0.043329561277062556
1	1	73	13.836174197607344	19.325735171268857	6.14512104668836	4.354925513636887	8.074666496369247	low	True	-0.169157245626681
1	1	11	13.167747096096273	3.265403306945413	12.03546075937886	13.4461834403632	9.77732406913568	low	False	-0.11210867200138397
1	1	1	123.69190684350254	138.36818031352948	159.20824948643275	168.0521195494284	151.89921351544965	med	True	-0.21850861402082733
1	1	5	10.13969582203891	11.004005795838117	4.041867471109217	7.890825622004596	14.090774369811228	low	False	-0.06000743320963564
1	1	16	11.189649617521962	12.543623901636774	8.543479772371247	3.458712242220942	18.250377621026797	low	False	-0.11289183134206104
1	1	4	6.00603407030766	4.023647197578908	7.871296736898601	8.024553357219757	10.663619196273752	med	False	-0.04243388099646295
1	1	13	3.634540346603568	19.667701085758388	5.014865738318905	15.081400245524607	16.012404751373076	med	True	-0.16652761861854848
0	1	213	62.55363283489991	93.3255542576604	95.27810892999996	90.23083908796316	64.0251364032024	med	True	-0.26623929797573087
1	1	7	5.846288731477864	17.36329937425929	15.358671665406815	18.527660630270866	17.373435631025615	low	True	-0.18915680811260194
1	0	18	11.106452059444267	8.846310550195087	24.843948282538697	19.8408994305568	9.93846668448931	high	False	-0.08753043869079613
1	1	1	3.8772547669190343	15.242335867170013	18.22079625606364	8.987977647178882	16.15594702512795	low	True	-0.170088746033504
1	1	14	3.144839289198263	12.576740055462276	3.361330138576183	7.9779253087659265	3.174745773988204	low	False	-0.098096746713768
1	1	39	6.488479258071642	18.025740005650427	16.377421546907637	8.917854178140864	8.421721035467073	low	False	-0.13092945403898404
1	1	38	8.806208013291098	5.1855467912850886	19.099709187930607	7.660657837300882	4.089891309101121	low	False	-0.11243204143449614
1	1	11	4.254888552036217	17.885731861452783	13.24666820365792	10.78291290652103	13.709322734459468	low	False	-0.14323852918960733
1	1	7	7.869776689419835	16.12779459297054	3.5055039396752274	11.64234620776864	7.027307417802964	low	False	-0.08383340507934423
1	1	34	15.614469669722778	6.549803802387956	17.45392781316584	9.938570514691015	17.493048431872406	med	True	-0.16353266589502835
1	1	0	17.714954172754688	15.782082439616756	12.026308802594224	8.10947151361103	14.694690194315664	low	False	-0.1384993209911386
1	1	70	14.428787426773823	4.882994787710257	9.15887057645133	6.632517304418516	11.822551403960956	low	False	-0.13597394822682374
1	1	42	8.122127325210151	15.55074680339348	5.368130275912611	18.06682544515032	19.56412903038576	low	True	-0.17941896226301246
1	1	9	4.33242410264609	15.578466445173936	10.419856680738336	17.645713971739582	6.440476281377803	low	False	-0.1308235030550745
1	1	48	14.228594056715036	15.786330831367197	12.236667917522038	16.84238697185326	3.2414592866866814	low	True	-0.18908021305376832
1	1	11	12.256932786370056	5.517109624733709	10.258921703212645	4.813108217753179	5.192720703462186	low	False	-0.05082045169690663
1	1	19	9.38417531695832	8.856379398048919	19.173746379612734	6.5680097503064845	15.67890216771576	low	False	-0.1237634081319946
1	1	48	18.384630367057877	5.438736944746131	15.015210404344788	12.806980499468525	11.309036921547042	med	True	-0.16522136024465495
1	1	11	6.014833826977277	17.506290378694196	12.606297750802591	17.869849603176533	9.148029220326848	low	False	-0.13594589332712947
1	1	22	15.979787946498304	18.250103825233563	10.590857193784473	13.315894221639946	5.896579935756787	med	False	-0.12504432181949354
1	1	4	9.70105618096599	11.493247170150132	13.30965225815414	3.0913522522139374	3.667534053543874	low	False	-0.10506025987114875
1	1	111	9.524007493964556	23.982155140434934	7.337739562131311	7.004658545286309	20.44153991553407	low	True	-0.18040500381290947
1	1	50	18.75096957551941	5.770388217988193	10.710589212306395	16.660111365525275	19.770743862726995	low	True	-0.18867260571673716
1	1	3	11.702814547711691	15.101471314273995	17.84776567857506	8.520375137604779	7.447258911838435	low	False	-0.09774537580884324
1	1	8	120.19821311430502	83.37947367848987	149.99555289428918	118.7885521016733	83.49820291264237	low	True	-0.21409023386610537
1	1	13	13.610933225227932	10.417718448647552	19.949481813283896	8.917792594721078	18.35167332358516	low	False	-0.1468663377009095
1	1	10	19.717383304849346	4.684284619437658	18.902619766534617	5.2010826409690765	9.70523542666573	low	False	-0.12682643041442565
1	1	2	9.44389761103836	8.063519253589885	14.151148136005244	18.832176183631397	9.69362061136971	low	False	-0.11120273106444334
1	1	28	6.20801189925896	3.5385346506710857	15.860424061100613	19.27571245467992	5.638550226071301	low	True	-0.15907050757245111
1	1	17	13.630366656655465	10.075810047149297	3.3994303682623457	10.936305020250575	5.762906756074422	low	False	-0.07338017812978403
1	1	3	16.382575975196325	17.695228298207557	18.069720685681617	14.971531397677836	13.598710706181402	low	True	-0.18462917820926739
1	1	1	11.951797874780803	6.9760163260323225	10.014454848546768	13.368705287852707	14.81008292757819	low	False	-0.09827365385787767
1	1	3	16.259956454076686	18.50840950587136	12.86215396762328	8.351338464350054	17.622539517622634	low	True	-0.15550847070043539
1	1	1	16.897966463426098	18.07224742111863	6.12827200890006	14.71472988977986	13.215781520625484	low	False	-0.13864009360069363
1	1	175	21.259526708013304	24.97881442405148	16.95381921030659	6.118425730786166	21.84637849202454	med	True	-0.22223804632372124
1	1	24	4.916113616661131	14.956919675191854	16.58896974956192	5.811771199779286	9.93717201865892	low	False	-0.12688862439351623
1	1	15	15.218702954192665	8.23665550667132	17.438010406790685	19.43826897336911	11.258941986063236	low	True	-0.15740739669988968
0	1	146	56.9209145132487	83.28449603048561	37.03245515848588	47.64677218858213	89.3201051098687	high	True	-0.26623929797573087
1	1	2	19.116182715290503	17.533919997221894	6.38066040982227	13.546047340519817	3.752044252411795	low	False	-0.130753120723204
1	1	17	19.8414969062963	10.333028268673786	15.880824878324308	14.03406506067991	14.396505312581994	low	True	-0.15619151045099744
1	1	3	7.5364957842239555	6.54881935184882	17.538275160920353	7.126094943047766	5.457142234889907	med	False	-0.07009609594581812
1	1	5	14.580180083890047	18.793174041110937	11.742086838437771	15.951921386982724	4.606584849345882	low	False	-0.1433930986669808
1	1	3	8.742415347140959	5.920652479356011	18.236400495234136	7.439320043417445	4.963400770064614	low	False	-0.07710557521887806
1	1	0	8.632198831785152	9.180914804810532	7.001198084994144	3.65139205042762	18.79395676201469	low	False	-0.107687280934892
1	1	116	17.01223987835816	7.969505060797573	7.144408411326715	21.90539621323248	22.923559878149923	low	True	-0.19735531117824978
1	1	151	11.200901431568786	21.088922294999826	13.277030714664589	24.7158857079848	11.40748191669207	low	True	-0.20200489460174142
1	1	19	5.951763081522018	16.80349795364053	6.479419348130728	10.010209548729538	16.412283335883842	low	False	-0.13667962558250624
0	1	80	34.851476066535206	96.78436592505996	40.22471305939611	78.48397301581142	77.31950156813282	high	True	-0.26623929797573087
1	0	1	10.116644810945868	13.637569699082173	21.512997668630817	6.83090967355694	23.135337499535595	med	False	-0.1252970282191611
1	1	92	23.37349182005979	23.99054569756937	19.816590786152787	11.088705221737614	18.982318971538334	low	True	-0.22084718876194964
1	0	15	20.841975382248265	18.234472488341204	18.455222222793484	20.4737449184491	8.679750399202142	high	True	-0.17015457382732113
1	1	1	103.4664984084201	149.13621958600578	119.88471302690816	81.90020899930084	170.8605166202611	med	True	-0.21850861402082733
1	1	0	17.040373380553305	10.43607842582356	9.29337544078942	6.061496012153841	5.771431461329645	low	False	-0.07379701031216646
1	1	8	5.386898304524558	16.161237830208208	15.955255127208185	13.238158181533288	14.020986801436072	low	True	-0.1538260566032036
1	1	15	15.524226363688848	14.269204810428551	17.449687602116867	15.03782408595018	8.207569505792446	low	True	-0.1580354974382484
1	1	17	19.590337714016137	3.000478522303408	4.161303555462244	5.7544601197057	12.442657079617229	low	False	-0.11549007726933502
1	1	24	15.53531030199271	16.15107303830117	4.0021006050785	15.47186541509137	19.537400820816263	low	True	-0.19183556833622362
1	1	0	7.250980108566423	14.555200542428686	16.44572904967661	13.212891140319927	16.281706330984257	low	True	-0.15950102429215596
1	1	12	14.797139161786182	19.214812045209264	8.052699244824941	17.52602975530903	7.671081209194854	low	False	-0.13734870546446154
1	1	0	13.28572942095788	12.153473909117643	16.594845520412076	14.678484241147151	3.441255495488537	low	False	-0.13709729818800087
1	1	1	15.094876377342525	7.375385786671472	19.528593324282323	16.317963005860022	7.664912602473296	low	False	-0.13706650344923166
1	1	22	9.247421971780769	17.156008038633672	16.84403064432849	5.276976881072315	10.0430334021406	low	False	-0.11928428044703665
1	1	3	11.89421107602157	17.15741134831776	9.320789887646834	18.4649541646603	9.63602687878123	low	False	-0.12382637692113996
1	0	14	8.118895857120016	22.38346168959609	16.637150260008355	16.291984896386737	23.35262439735869	med	True	-0.1645192579434872
1	1	67	163.81631398971462	93.57193231073164	117.90709173857717	189.65434676802337	150.2185213520493	high	True	-0.23933464215934297
1	1	2	19.253383779216964	10.96954333782549	3.392990952169109	11.530234286041969	9.758124815923685	low	False	-0.1015692810954617
1	1	34	6.463994161826196	16.391678376814987	14.335737658175235	9.644817325245258	18.424621928983072	low	True	-0.16606408255238148
1	1	36	3.361687961598902	12.593441641937158	10.751633401134471	19.53618812088144	5.152604562408359	low	False	-0.14035676981761658
0	1	186	55.99695885100677	39.93086913477201	51.39177959701155	43.67669020760805	35.2585547417258	high	True	-0.26623929797573087
1	1	33	6.365216206533527	13.210762890617051	7.956631974820043	7.046924604526902	8.92907060976281	low	False	-0.06479867530188688
1	0	14	8.99687909018022	21.52082253342308	11.688345693771009	12.27457403167798	12.304920463001904	high	False	-0.07858742114481532
1	1	18	18.0755701928354	8.985369860343315	4.488692060668566	12.395449172981978	14.063960128430006	low	False	-0.11977654475916122
1	1	117	18.71405274480841	5.368556072452546	5.233216124022952	15.021499231271749	21.49216654820988	low	True	-0.19991666485079262
1	1	5	5.261155869523195	9.55860099693794	8.876308886225832	7.4483520714028355	6.335854858873807	low	False	-0.025471600308393016
1	1	6	15.507861594842115	15.248183592591255	15.375406460602846	3.61164574351398	3.8654070828992895	med	True	-0.15844804191154815
1	1	35	6.929527887442589	12.551897897461584	4.44126224306045	6.83486940276362	8.455550280969108	med	False	-0.061704862457304444
1	1	11	166.64386004965414	145.4446665317576	171.5917314633736	135.34408717481762	105.24839075355446	med	True	-0.2126422728292816
0	1	117	80.33520489373595	39.79448658737022	92.63610914416248	56.96294219933239	79.51678893606524	low	True	-0.26623929797573087
1	1	35	10.669305710255408	14.284086757458878	6.6516971905855335	19.01741008247736	9.981019938198209	low	False	-0.1253494432774913
1	1	39	13.471324455469384	19.91707382201112	4.184381954979181	14.59850872053719	5.066698190506659	low	False	-0.14424578043863634
1	1	17	16.622996098215225	10.932360748957944	11.897777534952027	4.456871270800199	18.94514488598808	low	False	-0.13935976801457994
1	1	0	16.997323706519232	16.963832743660596	15.56795977436207	14.048294789524952	19.70938114957851	low	True	-0.19280835974851096
1	1	13	8.919224625928495	17.721794863277893	7.954203103495418	17.9547747602603	16.081808889045924	low	True	-0.15065964331565684
1	1	16	7.29263176962403	15.131499883184803	8.977408261553009	17.820489944287417	10.000399873845131	low	False	-0.10289055850569773
1	1	28	18.476545636898837	12.597912653885324	3.02511981738261	19.698790324730368	14.453797550156525	med	True	-0.16702163668885062
1	1	3	12.7967953184895	11.511077443817925	17.676465761121882	9.229621503847737	14.923512710398944	low	False	-0.12722047155697924
1	1	7	192.8268093924246	82.86465972084805	133.72120177851704	181.3216926144086	171.1602718787421	low	True	-0.21457354102713422
1	1	18	6.075979573217554	12.2669741072334	8.765938296887484	12.463793749304502	4.795469777139043	low	False	-0.05402923198064746
1	1	7	6.436437656821689	17.784345910986666	19.959272029442023	10.561660623385308	8.066380545595813	low	False	-0.10734266516591351
1	1	0	17.61084949784354	18.09416160583608	5.723325849702448	17.087488719831153	17.475223292576672	low	True	-0.19663072149183036
1	1	7	8.959986992518083	6.706772280372813	18.978668384844347	12.772838250191754	14.978448629508405	low	False	-0.12071329159192401
1	1	12	13.2694131616487	11.431707679891518	13.902903619116907	3.667772127422956	8.282377769520423	low	False	-0.10389484150808737
1	1	16	12.912128249659386	13.778264724264268	7.365505013403838	8.639351118322471	3.2928160922674548	low	False	-0.0726290306184848
1	1	8	19.03385484045298	15.96113181145116	5.007920865256591	13.25739658889424	6.16415787119444	low	False	-0.13246104411357396
1	1	72	12.039853818534382	6.5055204482107785	4.455136996090983	19.005879132658837	14.962093603046108	low	True	-0.17860102760038277
1	1	7	4.301396816475499	9.623954532363795	19.895951215864503	14.210209624646204	19.829424765194577	low	True	-0.16230035560312883
1	1	21	15.10129039612183	10.15045762983878	7.418796910300065	18.698327190174712	11.776638805557052	low	False	-0.11521572121245349
1	1	29	11.104959208505711	12.40623115494118	10.003212245687465	15.298475159715249	8.221883393827587	low	False	-0.0913450069438223
1	1	0	5.999312375362451	3.98346106603221	10.624561935855974	18.248894664709884	4.325907492080381	low	False	-0.1289639893369583
1	1	16	11.268688348885403	7.170913669806804	5.808258623677391	10.649825072325392	14.962380766045872	low	False	-0.08049319368132668
1	1	1	18.477727579138268	10.393446957918991	19.181054545133865	3.181722868046486	11.168824910276088	low	True	-0.15584585397050266
1	1	14	13.625627006217297	17.433075667098635	12.146937370454628	4.056204356417931	14.70763638944145	low	False	-0.1431567382272554
1	1	17	12.019333939811048	8.888470154187628	4.363149389293554	7.316774095330337	5.930522979737745	low	False	-0.04334569901509189
1	1	13	14.797934961710975	13.909604402033317	10.493146454356111	11.389086808406269	7.956543914538747	low	False	-0.08669563881014308
1	1	15	12.200487192271808	6.436939038828002	7.199610495783081	6.483206878377856	9.21403349468538	med	False	-0.03485972218521538
1	1	7	9.506868385695586	16.213544970977804	3.71555504087252	16.343664647049778	14.912017971179012	low	False	-0.13773521453055182
1	1	31	17.975031302848777	17.943860391123692	16.002214648622072	17.00223268208766	14.269256729334067	low	True	-0.20313507971269673
1	1	0	19.101359117584376	18.22692601512364	12.90575534572026	18.706109322083183	4.436198014459025	low	True	-0.1755762029536424
1	1	19	3.1531578279501904	3.7858036976484097	19.64721534294567	5.630110570744462	4.450565122701232	med	False	-0.1389737336710628
1	1	12	18.845007041326767	4.247705733012381	4.2285595013207145	13.593523415041846	17.951206314684587	low	True	-0.16159568237405386
1	1	106	16.91039948571804	5.851836467764802	22.63586782972656	16.171392571053836	12.366674243933211	low	True	-0.201055209741835
1	1	18	19.500847931423635	17.931318169645543	7.361497551512736	10.34812459337573	7.415177203013635	med	False	-0.10815580997026863
1	1	36	5.688842787569841	11.15805714788985	5.64710669439633	11.408003814338564	18.99233284963646	low	False	-0.12012686696895081
1	1	7	4.542441715900448	10.15951253396314	9.926349881994728	8.685310325964918	5.238882769518439	low	False	-0.0506416204060246
1	1	13	8.86894820371182	18.1796638678554	4.29365967875583	17.47677074363343	11.255365963447373	low	False	-0.11860618270406598
1	1	11	19.526621316364498	10.259946317197604	6.000708892119546	9.801380609987875	5.458145289421156	low	False	-0.07592756485489471
1	1	121	13.510639605314594	14.100343559135386	11.569528039072344	10.835485952728632	10.716670529490475	med	True	-0.1660450790804393
1	1	12	19.449073704250843	19.57239820103028	5.8206605021934985	6.273996926090035	9.551129424020008	low	False	-0.11370457611327434
1	1	82	22.728788039658887	11.995874408642726	7.493817350636873	16.396539029925044	8.216458756138652	low	True	-0.18318059565767741
1	1	93	10.620907476440143	6.181087500368916	11.826267396322253	16.244966907635447	6.648484910805433	med	True	-0.15273153802240158
1	1	16	13.086000412068024	14.954516180701416	19.02812001201767	19.35348649814153	10.25123557662532	low	True	-0.15362613208614784
1	1	24	13.545901697496124	18.88493273916447	9.424023663854996	6.245595500798094	11.212293509034982	low	False	-0.10593583825618524
1	1	13	18.46771127262231	19.77617320718522	8.239557167573643	5.763620815943721	13.775071741675202	low	False	-0.13917396756879274
1	1	0	13.211616751813734	11.201426708377891	5.550907207405993	14.569764429197935	17.26075602215126	low	False	-0.13817344589328873
1	1	18	162.2153803708624	150.08596733563243	160.17177167679267	105.80227837275238	192.17429312704684	low	True	-0.21367888022328907
1	1	17	13.1945016523414	10.703156572483	5.907633940117405	6.655447865221015	7.938268459571329	low	False	-0.045401010137277376
1	1	4	7.801587237284608	5.805073204658775	10.129053936507582	4.9461623203443725	4.6029179942751055	low	False	-0.04433340912156858
1	1	1	6.607056542242339	6.70619471517784	12.652569458723775	4.680299209202523	18.275907667134	low	False	-0.12553679251536654
1	1	4	13.100627532069511	7.06933364866109	12.597179958420249	15.214053823289044	17.419048835009356	low	False	-0.14915410996487444
1	1	30	9.275682390420304	15.674998873171615	5.972416419887927	3.298213205150004	7.39671710547629	low	False	-0.11570593940632978
1	1	73	13.361710557873607	6.168241089854663	3.925696034180916	10.014525189389753	19.638254803971527	low	True	-0.16744022992144714
1	1	3	11.60706085058355	4.5732274152646255	12.516667601360131	5.315959788330623	18.275021438540826	low	False	-0.12013397996985375
1	1	6	17.7289697613108	15.365608289563724	10.518559320150493	6.5913745771190175	6.625050084110737	low	False	-0.10105437734398459
1	1	11	18.7316273682805	13.152297443276815	4.340188019127512	3.4213569564695443	19.714310543056435	low	True	-0.1729875822507596
1	1	6	3.333034608310343	15.660984308889782	7.781358749448891	17.27894314112894	15.798932239894622	low	True	-0.1700639642907794
1	1	2	19.55838867112245	4.350733057679292	17.99579822967707	12.27347703720488	14.121705986498965	low	True	-0.15604266606981243
1	1	167	16.939771608779257	21.338309629818987	19.625074584629104	6.303962814786017	6.829703080918439	high	True	-0.19973478508369324
1	1	33	137.7724685458619	181.40087744611395	180.2463349223986	132.24892938844755	145.3377143742763	low	True	-0.22210495551330123
1	1	4	16.65353288665907	3.861178714017999	18.307740220042497	12.209253247633958	18.17265736326818	low	True	-0.17690859627046918
1	1	7	14.333996101931994	17.081780931768808	14.168291183066405	4.83891075582558	9.374985050767398	high	False	-0.12623402516609472
1	1	33	11.383160421592496	11.927555107039613	13.522670988252056	8.434623993911671	17.343342596844998	low	False	-0.11986483191269637
1	1	9	4.370826709207817	10.931843688315912	12.671485208993332	4.752708630213673	19.837287131671857	low	False	-0.14360024007355987
1	1	5	17.113016681495154	9.970975796992809	13.435828682439242	3.6050840310391488	15.382556684239391	low	False	-0.14279136942091852
1	1	8	17.11343276249088	14.343487273832526	4.425647572928643	6.2263691616183845	10.286760262683408	low	False	-0.10229263166216684
1	1	4	3.2396073364231235	6.4593975345891685	3.032785819896735	8.907593953970311	14.89921820202566	low	False	-0.0982335585230506
1	1	0	15.206605715717872	7.270638854090349	17.917034079907886	5.203094406980304	17.251244369191596	low	True	-0.15131421727554573
1	0	12	6.86559124560681	17.160719033619685	13.00919808981354	15.89403269678546	17.24933660544388	high	True	-0.1541498733670431
1	1	23	4.804704961621875	14.951287505603812	3.6948313279166394	18.45729042288111	11.764170945171337	low	False	-0.12638528579822694
1	1	95	8.987155902287245	18.383955949806012	18.288389334768706	17.207978026248938	10.832421375333524	low	True	-0.2053262554551465
0	1	180	89.05029952370984	96.6768323901833	96.80713153608504	73.44051447928209	92.244399407193	med	True	-0.26623929797573087
1	1	7	5.80083531257937	12.253322080898364	16.022755310855636	8.744457642887854	8.168136557141388	low	False	-0.08422153024289436
1	1	1	16.910005457817235	10.71794228259208	19.99867592542054	10.346916650388128	15.896756238348866	low	True	-0.1559034483126841
1	1	36	14.846297463497496	12.204097072273171	3.314117894735515	13.944382367755544	19.39163871480695	low	True	-0.16443446611784684
1	1	8	9.558422513088802	8.425144732296042	8.698811287271969	19.571553325127	14.167599533322807	low	False	-0.10487741757753866
1	1	0	12.87600752164262	10.808119834749938	11.17836053537698	8.959428167914673	3.2196700033018586	low	False	-0.06269128082207431
1	1	7	9.65740076400489	12.35950286930624	7.094351207825394	7.744791903982866	15.2655581334682	low	False	-0.07621575602512454
1	1	20	17.732002612348424	14.737192731834652	10.97799283279874	7.869633693553959	13.157353829349136	low	False	-0.10482659252215587
1	1	35	11.951212082689707	19.282062899798404	16.32680027462861	16.02222268433226	12.10864762553828	low	True	-0.16366437200652006
1	1	17	17.12759104982517	13.9345186998897	9.65388213274769	5.623048663746033	10.611723727098491	low	False	-0.10397608655383428
1	1	10	18.78593724896144	6.998331300934002	19.240447817364718	3.8054512001651775	8.455776328465555	med	False	-0.1323115576712649
1	1	3	6.506962351694057	16.04970562939853	10.201896122407266	15.220471433633795	12.544667381516176	low	False	-0.1220834401180102
1	1	9	18.4673317412284	5.967926312504959	3.5324906531989897	14.511253484353992	3.2270155029328995	low	False	-0.11957406021850636
1	1	2	6.672892830421464	3.323123310085712	3.1608547401984173	11.964837886779382	8.47020637873577	med	False	-0.06585237087059126
1	1	15	16.26772285380305	5.259942102707959	12.868167066277476	19.683508299265345	11.747829894062493	low	False	-0.14650307829407105
1	1	43	18.84333620799123	13.33440544269707	12.137334846383808	13.885270222846254	18.50654442937701	low	True	-0.18433378078402773
1	1	48	10.214411673831629	13.342673738322182	17.015018214668	14.466121121433874	19.60304936626472	low	True	-0.18495573619007633
1	0	2	14.242032699090911	20.641382725888835	8.16123371251604	24.740174971595355	14.92228271744069	high	False	-0.12991085029392035
1	1	1	18.554305871431037	14.774346287081483	6.661883906437061	11.924259083347774	8.370144805168813	low	False	-0.10740074762811136
1	1	3	14.24837032781388	5.0898538001416265	3.9410858609860577	11.290633919114525	12.690384707128278	low	False	-0.078078886482297
1	1	12	8.77636272954016	3.1245910840290296	17.45725665123013	12.362180045252666	19.380365076494527	low	True	-0.16264127194015376
1	1	165	5.199616561034707	14.503330508236282	6.749122342287775	20.07202654657157	20.355786849565902	low	True	-0.20429218253827475
1	0	1	18.17750524462421	19.3788588719726	14.5310532821475	7.46519553508171	9.225330509951842	med	False	-0.1165373415949682
1	1	4	14.665066396877448	19.890323461420003	8.314846273256345	6.36225370196454	8.861856575208337	low	False	-0.09427780863536384
1	1	10	15.707096687000574	5.524890288349571	11.013557107272362	4.316924247715235	17.715901283461385	low	False	-0.12478126742550155
1	1	1	8.941429138238416	9.972691596857862	17.249384097474397	11.312716713024605	7.315635173908953	low	False	-0.08575391352134543
1	1	166	11.313828470517755	8.822034847793816	23.267372173303407	24.78758743041579	20.14872978619514	med	True	-0.213086367641522
1	1	3	158.3739138633668	155.1512673929373	138.46092814146283	151.16186883410353	148.17257168016232	low	True	-0.21651004298250343
1	1	21	3.011985779740658	16.523085196100197	17.90423050407269	10.690756011160712	9.39084889874919	low	False	-0.14135559096237693
1	1	150	9.833588253511332	6.288845590183714	7.121108110313674	19.401217797779392	17.89481419012024	low	True	-0.18183406872821506
1	1	2	17.51799687682596	18.98341440804704	17.92890506815835	18.732487783030276	18.780577789886287	low	True	-0.21366369158893983
1	1	24	16.667622026400227	13.088022640013296	15.634248577255338	10.74733753080834	9.825813789124062	low	False	-0.13062119513765058
1	1	136	11.022565271470135	8.323744315750112	5.346403719560369	11.931080057774489	15.911330532757042	med	True	-0.15134917431945805
1	1	0	11.47158509342804	11.518959994871937	11.5081700289168	13.107860392141134	6.80923039731377	low	False	-0.07330149391878404
1	1	30	12.78213677762468	8.822343117454135	9.815672547886448	12.330905389320858	15.867527358399892	low	False	-0.11131524366081857
1	1	30	5.035128719124214	5.204658725183952	17.560273640933012	12.720277366160806	11.633456835284116	low	False	-0.13776804180345026
1	1	15	6.830502246652642	5.896176817340052	3.075115743874466	15.12143487948589	6.667515285951959	low	False	-0.07901108943009771
1	1	41	10.347685566181664	16.06487231041487	11.577365331104062	18.463959808631984	17.53647561487159	low	True	-0.1851680586320842
1	1	12	12.835245562012618	16.146549096126634	13.670331886593557	9.444658202352496	7.3607688676477725	low	False	-0.09317266861635154
1	1	6	19.633663483502307	14.73780074467963	6.106659652815345	10.072615057250982	12.453484500829516	low	False	-0.1133059103975359
1	1	15	4.678715484015919	6.10340864168507	16.372875432251796	14.608475492717924	9.729994478656678	low	False	-0.11231308633643045
1	1	11	10.112106243728975	8.495149358371567	4.7895746840289375	6.90862775897874	3.5209059447661697	low	False	-0.04045780206047811
1	1	30	17.160745870651557	4.330549112460849	19.482060337901824	7.258697246466118	7.243852141638284	low	False	-0.12987251844975578
1	1	21	17.26747586085051	8.85674318717611	16.31750674826411	5.105088686899949	9.054067070299585	low	False	-0.1218603150002322
1	1	23	17.265277744559917	19.13673628124204	10.785611144555014	19.057970402889243	4.005773154750468	low	True	-0.15836492845863015
1	1	21	135.5441911601213	84.10096758218882	93.3190969960645	87.04835556973346	161.87323040457	low	True	-0.21367888022328907
1	1	21	3.897672863722165	12.119695899815886	17.924850281251246	8.101259851798357	19.02916999615076	low	True	-0.16690595998530355
1	1	95	19.111195961715197	23.988619735605308	13.814852318882089	23.52232098414241	12.781279567477426	low	True	-0.22203248322113
1	1	18	8.746033997079236	19.432926595519685	10.132293139285787	17.51858971589254	6.903580353511122	low	False	-0.12102595196598964
1	1	41	4.856985702953949	11.70005665182667	15.739996618508613	10.280006496971524	9.136343432856568	med	False	-0.1234150677393202
1	1	6	11.363722646618417	16.27820628993633	17.62907563242331	10.58411305076437	3.791749610408642	low	False	-0.12356254664259281
1	1	9	5.837055900888838	18.089772657009657	16.65766096289888	17.1780100281457	14.317565026680231	low	True	-0.17336571529330103
1	1	5	11.137276054373007	15.239419666124553	9.82823621934661	6.115651126832602	14.954668796636472	low	False	-0.0883320684132658
1	1	2	10.329168217378411	6.777394519592537	16.41291764771458	3.148834639599237	15.087905430684811	med	False	-0.1346742922237788
1	1	2	113.21459796171868	192.1347714992573	99.91489761097878	136.5131593341779	198.3107366927196	low	True	-0.21656671055467458
1	1	23	18.1438810623365	8.238903213239485	18.7891280540938	19.002185047131125	13.043532631673497	low	True	-0.17044904314299925
1	1	30	4.210998794200806	12.56544886100123	17.2498910348206	10.489962636069578	16.261161323449322	low	True	-0.16705859969056258
1	1	88	8.559080455221304	8.23264491555278	9.039217229501258	22.71132030532285	15.79042200087121	med	True	-0.18113400601862661
1	1	24	4.415375176110367	3.818632945428314	18.994385606286823	12.597580527222856	9.989784605111112	low	False	-0.13285775371680553
1	1	9	15.326240004721162	18.383623109963395	16.026365922984652	14.096591295285812	17.572766262145514	low	True	-0.18634297704725955
1	1	31	12.347508611834964	13.556129461711643	11.290549433738658	18.6919148319001	3.353210640178463	low	False	-0.13901386787851533
1	1	0	10.588018787117289	7.960511001432873	13.705383524866356	17.994408578804048	4.945094577121276	low	False	-0.11170047712770603
1	1	107	6.30121444830688	7.926360133858821	18.30962245646928	5.931513525288191	10.911095027656586	low	True	-0.17655091170834492
1	1	4	7.218746266247952	16.350630160551717	6.294333584369298	15.148532261810736	8.333354390111428	high	False	-0.10021185448468961
1	1	6	12.853843703012291	9.44967764632156	10.747878816159238	7.06466086037515	5.297267696742507	low	False	-0.04011902665066214
1	1	1	19.46601928893634	17.744429632027888	5.720571027720631	4.949675968673945	15.05289252971627	low	True	-0.16006383314076222
0	1	154	64.5480411307406	65.48493019691912	70.98629248904214	85.98253716348668	41.16314456831603	med	True	-0.26623929797573087
1	1	30	11.066668867130314	5.323049774523055	5.610605742333915	14.504689789035224	7.143596212859968	low	False	-0.09321392978269627
1	1	26	7.675992299043603	10.025909189431127	12.676116471583647	19.15135451429593	8.941528956177262	low	False	-0.11729757683045561
1	1	18	10.917268615562104	13.680301874872592	8.859310932003494	11.929172771682644	5.072439438621185	low	False	-0.05756068906835676
1	1	23	19.68512010037515	8.402120986798236	18.8893814896497	19.69417685392854	4.149308981060882	low	True	-0.1692742720777014
1	1	43	4.897978459395421	10.485301041933376	8.600917537186845	13.986481186922587	17.731018705594465	low	False	-0.13030670339451889
1	1	21	18.655033927828143	6.960288765326554	7.104977969713341	11.240200703966316	9.876324468201812	low	False	-0.08634963126707074
1	1	0	13.13725725265735	3.2163739319943816	19.638403388562335	10.733186752674722	18.215009832808366	low	True	-0.17490510073402743
1	1	16	3.13110227737318	18.408928545058014	16.921025610139395	19.64285756449942	15.342620101093344	low	True	-0.19350750759704938
1	1	17	11.20379045156453	18.55196614607833	12.116219225290642	11.630127327144466	13.434515115985407	low	False	-0.10780678815236777
1	1	13	12.214188497105916	9.458086342396108	14.673781008874103	6.950218711508626	11.23255773499326	low	False	-0.08523664000407116
1	1	5	11.885035374139536	4.430561445581109	6.571097958784202	6.610797646041515	18.069588700481354	low	False	-0.09535651567207837
1	1	5	5.365265170447656	4.052829762056522	17.130902168356357	14.713533340089016	9.97803095101119	low	False	-0.12121107446126278
1	1	6	3.997400782449109	3.71652974951492	13.012172486825197	11.060783585874908	16.227547958163044	low	False	-0.14367666252373268
1	1	6	4.39458893117541	19.955672305361	11.137807837107122	5.996615460389199	19.150576319813684	low	False	-0.14235065914289025
0	1	84	56.78835851580921	70.18822836635374	79.91260188576939	80.9048595730413	89.25626822863057	med	True	-0.26623929797573087
1	1	14	18.899998192015914	8.032163018524908	7.433638630901783	16.57665490833218	19.52294459217596	low	True	-0.1570980538316179
1	1	46	12.737702529518256	5.345968963045688	15.66044765084621	9.211173141411482	19.573899238856477	low	True	-0.16872777492842117
1	1	0	5.336251594386319	5.509484801158904	19.94612797591714	5.594762658732993	19.928862720028	low	False	-0.14240655292612192
1	1	2	11.101052658567085	11.792267678503496	4.793314114281553	13.933570268963305	5.365685726919606	low	False	-0.0723207959403187
0	1	170	90.4904904149314	41.04513716051861	52.83920253124913	31.47888122972399	76.06223208464229	med	True	-0.26623929797573087
1	1	132	11.658571142220463	4.7937729512041685	11.64822741107264	6.8197697436038816	16.0922304930349	high	True	-0.159014470447579
1	1	17	4.709546658748749	6.517350066328357	12.679543680683995	16.443095106329498	10.016646931927278	low	False	-0.11027408656411053
1	1	0	8.08086561607529	9.812859466692696	9.66875305121076	14.186080236514792	5.3255787867147575	low	False	-0.06205237477827341
1	1	12	18.56665184043274	13.842667383185388	5.918103657557259	16.73804014014863	10.981711327819998	low	False	-0.13670478401368058
1	1	10	4.035915992489871	15.485612663090068	11.32645981687894	3.030640819452929	9.278544330521964	low	False	-0.12402565279168054
1	1	17	11.97979409831058	11.581821666382808	4.856858788022935	14.00583421257095	18.54779242740946	low	False	-0.12891713181302733
1	1	3	3.1114750836537466	9.417137940715897	9.445947310685822	6.621262295567087	8.57270894655177	low	False	-0.057757042324795504
1	1	1	3.480911747445232	6.299083009237367	13.064166801623443	8.014673050068698	3.2367626349815195	low	False	-0.10281011766582249
1	1	3	14.954392897074062	5.451219479470629	9.712805689688889	4.4444734689624	14.355562397345702	med	False	-0.10541679841635287
1	1	16	9.970793446354062	6.177755582540083	16.804439694114294	7.7884911278679905	16.861294504685997	low	False	-0.11576281986086767
1	1	52	14.035248661894585	13.275248392712744	7.658873190736714	16.46999778890278	4.9941906208837885	low	False	-0.14906506038095313
1	1	6	6.110805749131535	11.707660712538884	4.262999188270044	9.924544030919858	4.8104021089525295	high	False	-0.04712049742656099
1	1	7	15.53648577740479	6.43655360732275	7.423861358795333	18.158764939901594	7.096619668704568	low	False	-0.11489025619934434
1	0	2	19.401413047621684	8.609169111816088	16.647908028501064	17.693898213226642	21.182743058746656	med	True	-0.16893772716339917
1	1	26	15.013133422789757	16.236136239078654	11.691173573000812	13.304217705468975	18.98656676099749	med	True	-0.1652944736619839
1	1	11	125.3365712074134	183.60076528387495	116.71571941875774	99.23648608395162	99.14282415045852	low	True	-0.2126422728292816
1	1	5	3.644479310687791	13.093317860439138	16.407833345506695	9.70502309178088	6.194750829250273	med	False	-0.11018676065913613
1	1	60	11.956074754739904	7.864206390806837	14.445305723770687	15.570043916836845	19.236768545759	med	True	-0.18582069312522842
1	1	29	11.36306004661412	13.86044394834352	17.74199382058527	13.084423561359523	15.708078877430792	low	True	-0.15890310375161798
1	1	5	11.971940743446853	6.746880201328942	14.31410898053424	8.33604974873591	7.098057587849336	low	False	-0.06200847255435815
1	0	10	13.327509674868644	7.693026790847533	8.490192502212015	20.45872149031404	5.58582191163935	med	False	-0.06641341700637327
1	1	32	14.201434356538853	4.418953845269596	16.928043976597802	9.74700755270207	16.551141979159453	med	True	-0.15779060823799262
1	1	8	3.215210069510197	8.46104673950373	15.735396091653536	12.884218181481568	7.298209502591115	low	False	-0.09775331143398669
1	1	0	4.822461707844832	6.8153762664437405	14.646113929416307	6.006231622294914	14.53180372486662	low	False	-0.11707603385354048
1	1	1	17.288093053371682	7.294052568257719	17.565877874201174	18.3546397725623	10.17206161756792	med	True	-0.16233669864277478
1	1	100	21.10454015531716	13.087898252553371	7.380314529405916	8.592703544002578	5.223419441641266	med	True	-0.15872618553308482
1	1	10	9.319074425272929	3.238239223221342	16.726065418271716	4.245495791549089	10.780775229191036	low	False	-0.11491573199526828
1	1	12	15.924573121263595	14.897899929376342	11.40504250119094	3.902241374398108	13.01500579647442	low	False	-0.12934693042323575
1	1	28	16.364345471803865	9.784266065662518	12.608420009271914	7.617158573996496	4.26649212907029	low	False	-0.09660158525697016
1	1	165	19.535224305747757	6.094724059594608	14.256196158071283	16.86118770135301	16.154398008714956	med	True	-0.21093579826345155
1	1	3	16.422829383012793	6.583939385985007	17.3925395111633	3.210318870185404	11.146235197797765	low	False	-0.14140110333827982
1	1	6	12.3931779927103	8.230740909909553	6.131615844773082	19.32274703329216	7.784009798149913	med	False	-0.10254915836303835
1	1	1	17.91658861901106	5.678380056947278	10.733432611279284	19.800709085393954	10.03330982981269	low	False	-0.13419223388845258
1	1	5	185.88808661800687	131.7305761124119	87.11698221178061	199.8094082262425	117.95023285868496	med	True	-0.21457354102713422
1	1	5	13.363079658030662	5.2525534969260175	5.255450424999701	9.62313736634815	6.720171435145419	low	False	-0.05963450344560861
1	1	3	12.923068374401057	10.658459717928377	12.404934034670276	7.32806924914733	18.663864704581226	low	False	-0.11488558816180883
1	1	159	19.01655560345756	10.839181320449736	21.64878869544012	24.789013768557314	14.49605231310195	low	True	-0.22252116581765147
1	1	10	3.154649026141543	9.846635977438831	16.897497379810467	19.144141343127234	4.162841211634834	low	True	-0.15025088549651244
1	1	12	98.04630786066436	135.3288810978911	185.4945964068406	171.27401288168065	135.31608440823777	low	True	-0.21367888022328907
1	1	4	17.11736678112224	14.68057841480039	6.130109239348292	14.341583091263354	10.133391096305028	low	False	-0.12495691347542748
1	1	2	14.861996050606963	4.471097066044639	6.168878181727056	18.81897207835892	9.391930579461768	low	False	-0.11794989250500587
1	1	12	12.886242545546796	6.105637562507527	13.378454288976044	8.9076711010465	4.811402478910359	low	False	-0.06673541430562935
1	1	4	9.903656912482516	3.49488928021271	10.46026445204248	16.60040185679737	5.835086952454413	low	False	-0.10199460249436021
1	1	14	17.017394354813902	12.566002859303534	18.82383071331063	13.711802176568794	7.7556726399689	low	False	-0.13151813203497265
0	1	218	68.18476737680638	88.68546148611398	46.97354617451138	89.07710111826052	43.07030211061239	high	True	-0.26623929797573087
1	1	14	17.418246311299434	13.572016205458164	6.585173649904194	18.922167767287068	6.3060027998807415	low	False	-0.13242327845858226
1	1	6	5.358487184519657	15.314991959556709	6.482922536869415	11.937225133989626	8.991772729179358	low	False	-0.07063725196342274
1	1	11	18.146124778766485	10.742003602707104	16.39111996919661	14.806552639548286	16.308432948834174	low	True	-0.1748528332881225
1	1	6	5.278798229608618	4.327832490689892	3.729938372737253	6.51236927522921	8.784488199664668	low	False	-0.05385603505923209
1	1	35	18.20196920322106	6.851090586272059	7.780482515466438	3.921977214974336	17.246073350290004	low	False	-0.1454764243571287
1	1	1	11.097819964113098	4.516504129324329	9.204446986394426	14.085829477695674	13.533990621801731	low	False	-0.0961018191478834
1	1	4	13.837477131180444	13.86408514557878	3.5580717651714204	18.851929080828484	9.98419194907385	low	False	-0.12808041719749974
1	1	6	85.94668305681441	161.12089101050404	87.75605006605726	166.22990000563013	96.91541772210851	low	True	-0.21457354102713422
1	1	2	9.692580256825458	6.253327098019639	7.140240175565716	7.493981923235462	17.04423537183903	low	False	-0.06463446800451711
1	1	6	7.259430143182772	4.897875523085814	12.542391505819518	4.901967400363518	10.374825425535596	low	False	-0.06940019242551942
1	1	4	3.4193663840200728	16.219364308955548	9.645815675184489	11.06152998884826	10.762784942056776	low	False	-0.1157977019640114
1	1	3	126.69671391736875	189.89376483389083	197.87210228153663	174.74947098088262	190.3589545925928	high	True	-0.21651004298250343
1	1	5	4.0578813462691805	3.018854978578144	12.189696989985372	10.8456155115407	7.895183246454563	low	False	-0.09974190937206506
1	1	7	7.0315897948525015	9.761835115413634	17.294429092049587	12.58422680060473	17.76419348360577	med	False	-0.14884134958454198
1	1	11	6.059687828188656	13.414426327308307	18.95564712674504	11.457703337926462	4.6779974234563895	low	False	-0.10710336150087096
1	1	8	11.537160500136428	5.049736482049909	18.53639875139738	5.618306654385435	7.682224179754602	low	False	-0.09364462688673014
1	1	51	16.868037260892113	19.628305577868485	6.758445594417477	19.678108512034274	15.490367330673656	low	True	-0.18923627396227227
1	1	31	8.353660551698521	7.551205454127818	12.994689730429016	8.75170995178375	10.271127647170172	low	False	-0.06153960380386769
1	1	3	13.065262133524334	18.76048630530089	5.4434805312015175	19.3059258097597	10.556954001400785	low	False	-0.12831029986277764
1	1	10	17.836323409504395	16.866433049657125	14.603305189001832	8.615274745054602	17.77067367741591	low	True	-0.16511884034634183
1	1	11	157.35253719201512	195.61199614403856	191.1049496913912	164.29818554724773	85.77668024729701	low	True	-0.2126422728292816
1	1	11	5.857125598333287	9.931147189956194	6.596211301833755	13.314536547259555	17.968378151170405	low	False	-0.1109999320814935
1	1	75	10.480907632587677	22.04538222970762	5.818320624497546	9.950507442309302	12.98279270381207	low	True	-0.16361305767357903
1	1	18	7.974632222491773	3.2639274063134085	6.796416430205095	16.953202865163057	10.691919666313431	low	False	-0.10358833439712412
1	1	1	14.985383772030318	18.709376819938097	8.489164042380633	16.438539647305692	3.062107966534556	low	False	-0.1394716053252788
1	1	36	18.242581491958035	5.025330149030554	17.74731463387527	8.985586596685817	19.626297937339537	low	True	-0.17207671436737648
1	1	7	8.671821917742662	4.340170177264984	19.32925100475279	5.447151701536398	6.589883152239578	med	False	-0.08877265819353863
1	1	2	15.956442848370072	18.74545216874589	11.660294165808324	9.654839179155662	14.126312474589286	low	False	-0.1319048146959345
1	1	4	99.63041357014676	90.47269456630532	135.84095285262288	166.17392196944064	172.34960273420876	low	True	-0.21554113689955767
1	1	27	17.962435403723156	18.15720697031428	9.621839894008293	9.302711113793055	10.267212480013718	low	False	-0.12042783592363371
1	0	5	10.467616555741436	21.165869968963168	23.09075044767776	15.21970344679086	16.260957351638623	high	True	-0.16250365063590688
1	1	29	12.015477597409726	6.6897464414063	9.897398500530905	11.729303600121485	15.6497612099784	low	False	-0.10363946927842427
1	1	12	11.631762840987133	7.539166503682495	11.509047864065998	19.693965872905387	17.373388209182377	low	True	-0.15463244295321743
1	1	1	4.3372943698991016	7.907980056412714	9.77560550688368	10.810793441796983	11.4315689302768	low	False	-0.08563414681400938
1	1	11	5.148021873102584	9.606354001924142	11.046574371370378	11.451108778476708	19.669163691810223	low	False	-0.10992456552793806
1	1	27	11.243818901957727	12.830237748150385	6.295454051308437	18.83002946537917	8.612050727619891	low	False	-0.10770834379381211
1	1	32	17.56737057836938	15.528051922189205	17.949473538903817	15.60635162378863	7.108268139687457	med	True	-0.17819193550949886
1	1	7	14.369856543852096	5.741736872532023	18.706436212983064	6.201489291123654	6.920543549858443	high	False	-0.09191432378049447
1	1	2	3.9565502877774033	17.39195491641236	4.958699885122053	8.704655929387718	17.580308208681274	low	True	-0.15211219027097111
1	1	22	4.101664460244468	18.957483946127937	11.35052873201577	9.571771194285487	13.807871568289922	low	False	-0.1394171825206677
1	1	26	18.89895598791216	3.935495947848525	6.775417355130911	18.75551023258727	17.909787667449955	low	True	-0.19261265514211634
1	1	8	6.482607969477721	16.92995471294824	15.139275493751205	11.420639956195108	12.030793555470702	low	False	-0.12306517223624991
1	1	14	13.897771590309576	13.339486282525092	14.519648518100151	7.972005688480602	3.996384843295757	low	False	-0.10896086517742731
1	1	42	8.129344952790714	19.25713598176467	11.833388681165008	3.7631635591324617	6.053156641077024	low	False	-0.12594615087324468
1	1	13	4.280863172535322	6.657193491970912	3.220403704442566	6.314486511979125	10.115476687316596	med	False	-0.06871850145706859
1	1	0	12.468394949942995	16.57525258363826	18.08766858615542	16.588497087404996	19.81993300825457	low	True	-0.1978767943431814
1	1	0	10.104400739167414	12.991392113122576	6.878931209141669	11.715134396803569	15.555271634080864	low	False	-0.10475906507682542
1	1	0	18.47923256772796	8.183629706076507	9.836728931579136	4.963617976412087	9.676336438956842	med	False	-0.08458405500892263
1	1	61	14.79630420445583	7.205180991702004	8.096345465722596	13.440225199613227	7.194282647987475	low	False	-0.1292977919635394
1	1	0	3.025445259139672	8.21112737119753	19.33029625102447	6.085012834754569	15.238040633080924	med	False	-0.14271883574486044
0	1	140	53.278146435848726	97.08656831418013	83.13035915758402	37.7953147267388	86.10995269704492	high	True	-0.26623929797573087
1	1	30	18.76717701781288	5.990313173890638	19.66907508917211	7.830762276322059	3.4403521029681183	low	False	-0.1425616174885448
1	1	32	13.132287138984845	16.66266036494109	19.664700085041652	13.575638420565475	18.934523339558236	low	True	-0.18827652927248573
0	1	196	41.44988866853914	76.72100579620249	93.47870968836529	41.20253772143206	38.4731421999644	low	True	-0.26623929797573087
1	1	11	8.809842280450116	4.372321432763984	14.311455480154102	12.207217390259087	14.66959810123388	med	False	-0.11877759046132341
1	1	26	18.167081518146865	12.919862828807576	17.18824441277429	3.933798663969654	17.229303873243502	low	True	-0.18991247117328935
1	1	11	14.065348275376438	5.341374450059057	5.0941531821687525	15.881432537315357	7.399844105789498	low	False	-0.09678236181634547
1	1	5	12.986538039696594	5.232709485606661	10.931077403919597	14.3442908032222	11.883483050875691	low	False	-0.09619526503656761
1	1	0	7.967856994003435	10.751803844180484	5.602493661808278	18.88459714251053	10.530882946358886	low	False	-0.09634419917230463
1	1	14	4.449196838244079	5.046420719468991	15.12954432904465	17.465929432452647	13.600209630714268	low	True	-0.1600946060899896
1	1	7	7.625325703854736	11.567769444650022	18.67213206405913	13.766999360145151	7.407598795867639	low	False	-0.09988178281446836
1	1	34	11.43742863705947	12.894914695233142	18.03078314051513	7.119565694720872	17.84113068663825	low	True	-0.1570803131753964
1	1	11	13.38444080603366	15.114943404654886	3.697520428580777	17.905629183887374	7.610554885264574	low	False	-0.13099096329863946
1	0	5	22.538550507697643	12.161017779577604	6.207686062207705	18.823559681880795	14.045907619958474	med	False	-0.11792665976083772
1	1	19	11.789414600893512	17.02433541087929	19.128383385223003	19.831416748699127	15.566822106807344	low	True	-0.1782942132045634
1	1	12	10.601847675099794	10.8771326129422	9.58713068028668	15.215117301150263	7.6577510789851155	low	False	-0.07161957417161147
1	1	8	11.858649438915768	6.372446122226112	4.114607168960899	12.54101290508934	12.00393721836636	med	False	-0.06504267021620957
1	1	0	17.41505893110349	19.367045386186767	10.80575976457428	6.2179184882425504	11.49091003707886	low	False	-0.11693535502276131
1	1	5	15.437418176980328	14.924667598264085	13.03175579843522	7.742281115213519	11.54986626641957	low	False	-0.10197274035962445
0	1	208	61.20250672619589	46.729565174381314	99.1577771917886	70.07451931721747	67.29107288728778	high	True	-0.26623929797573087
1	1	34	9.57326986424676	11.388780274492008	15.209176526232405	8.124220943968432	13.606417870733727	low	False	-0.11766367610691375
1	0	0	15.828061403775656	18.62702632019289	15.50116507832546	23.341856083977827	16.35118945925882	high	True	-0.1960366891370613
1	1	18	5.445239037477597	19.78814498242892	18.638894246517104	5.77708887168109	14.832829132119622	low	True	-0.1623257258204318
1	1	1	9.553260893258315	16.796936205968453	12.855457464780493	16.728463143209474	13.46001496208022	low	False	-0.14402914612943385
1	1	17	12.396938275835062	3.4870340101823163	3.499849821357182	15.363706675325403	16.699057221978137	low	True	-0.15891691226648774
1	1	127	24.634403054125677	7.771312907788095	19.361974628228037	9.189128142656449	15.264532992513589	high	True	-0.19403265157993033
1	1	10	5.492065600582885	5.141626750844777	18.1721962344003	10.946821654105973	8.252380484575916	low	False	-0.09857921679563575
1	1	7	18.698290199386555	8.742440748441092	9.401036493345668	17.876808923502715	13.209375025938089	low	False	-0.13901433363403604
1	1	148	6.926767224659911	10.111076668841148	21.652282026978696	9.579115230391755	17.828591180212246	low	True	-0.18559263412098836
1	1	16	12.026516514007222	7.350598348018225	18.061852035641536	17.227295366535017	14.428054852597826	low	True	-0.15304640350365795
1	1	15	8.497829307350123	11.787199541295566	18.063608203516804	14.461496745443249	10.778506510333733	low	False	-0.10674484570759912
1	1	4	7.891063887504491	6.6310907385635804	7.678932526488644	13.867151558414198	19.35397551468583	med	False	-0.106920696302378
1	1	20	4.995526197602345	13.078538399771084	4.011227539918686	12.336692008235378	11.965556714344864	high	False	-0.0977271983375183
1	1	1	16.717321242256713	9.231867909032156	3.636946728889673	6.784402449422796	15.227352939177646	low	False	-0.11630384218355638
1	1	5	12.262548877187417	19.45907255910827	13.777286242236542	17.855600207242652	16.54191084704408	low	True	-0.18069623102060994
1	1	8	6.814189213394041	7.76167443472263	15.833052236941452	15.790439752862463	11.73182945562438	low	False	-0.12098218906998626
1	1	130	19.09551829935467	11.444423443165151	8.728554412130652	13.578989277797069	17.457260709686437	low	True	-0.18120432227265548
1	1	2	13.936479341721126	8.599883980306256	4.131137771893112	13.723833961852728	7.961277391079774	med	False	-0.07645309580806647
1	1	164	17.546820727884487	21.615192723318557	6.321596646349668	19.664481637400492	14.699333880176916	med	True	-0.21565618837189704
1	1	9	17.302102104726632	13.479728467489442	12.309946022613396	12.987723347964076	12.0384670941532	med	False	-0.12166424488222782
1	1	9	19.491671990353407	5.35899639278416	17.201484484598296	9.794815835545824	3.476829094673429	low	False	-0.1301430291188025
1	1	15	8.063501288626885	9.564901136883076	9.102291874272428	12.18716815684278	10.09321112888689	low	False	-0.03247740497939022
1	1	19	5.813316970931898	3.3834249605482776	18.22518133249651	19.359293020056565	12.00088881761158	low	True	-0.1686895816104813
1	1	5	15.282717154438965	15.8801554165504	11.388810065718088	10.411790313392205	19.054593501965744	low	True	-0.15072209332231656
1	1	14	10.718202380507432	6.187953354789968	4.133829481231661	19.092752809868657	10.099966951304754	low	False	-0.10096367415892749
1	1	95	9.400908750637573	15.358568089409877	15.65879796191358	8.381169131664228	20.52022700004153	med	True	-0.1914205326940216
1	1	17	116.42290824007952	159.1686937218969	172.33012914785851	120.65502406610617	124.80542502610406	med	True	-0.21416190897389897
1	1	23	13.201346087636995	9.040772516607008	12.234868989623948	13.694542206986824	4.258922570841992	low	False	-0.09243919930441669
1	1	16	10.844192737604011	17.390751456224667	16.890627934323874	8.536225242060533	15.7608872667768	low	False	-0.1454856604278093
1	1	166	7.866198363925938	19.435983734973497	18.22251556245539	22.031163710496266	24.2282380547021	med	True	-0.22329044134745202
1	1	2	10.250866987546548	12.764715674912484	7.036945881439945	4.782005055016221	3.583105208402277	low	False	-0.06792198817021022
1	0	5	8.656522942924136	5.985237633200027	22.090677673945702	14.158120881007674	6.696156145067407	high	False	-0.05720245909682253
1	1	2	6.725972788397771	5.4709717970518685	7.655436801931648	11.05965871926528	3.517929998041509	low	False	-0.05361751044222274
1	1	21	15.338508241521358	9.457705769842605	3.552021399113642	14.067947101974855	12.650744826675329	low	False	-0.11370125449605695
1	1	39	15.316380447649893	13.416928905333435	18.07589156798564	10.11419696262634	13.042843736609353	low	True	-0.15272724536598525
1	1	30	10.062590676651157	17.93550012276917	18.14889705971387	6.054864581161123	17.548431263351503	low	True	-0.16388825046785738
1	1	45	8.163712997134352	4.85611782674213	9.988967884890084	16.98599753843738	10.65092906504313	low	False	-0.1387763607341027
1	1	5	6.909743628328286	4.549283602666536	8.204696823579539	11.53639270131626	13.49992015529516	low	False	-0.06818016045715447
1	1	176	6.207461428137919	23.643548938153923	10.007005603833573	8.21627553650432	7.809881302010543	low	True	-0.15657162632598742
0	1	182	66.76635272107123	76.34320965835576	88.30496928459475	99.1223590328908	38.89371543328848	high	True	-0.26623929797573087
1	1	2	16.178676885960584	11.356787925243353	15.66312217453375	7.19958781154631	19.40162721058495	low	True	-0.15646443984196645
1	1	6	19.09292492820486	16.048582501038453	8.084408470781844	15.937957408373974	19.688114489624265	low	True	-0.18705543747910136
0	1	97	75.71088581950895	61.89808897333879	52.57176972495817	96.52665421039904	97.39472590639107	med	True	-0.26623929797573087
1	1	6	8.261847740213131	10.483629741601131	9.262917231956276	9.60362140072925	11.417056357500886	low	False	-0.03943949757677212
1	1	37	11.70401950409497	10.343752030270814	5.555187052774368	13.13627148589403	7.87783715695511	low	False	-0.07856311748372091
1	1	0	11.763291017029651	12.177829521211892	5.204482800352907	9.538881845509907	11.33516997526551	med	False	-0.06315662581388781
1	1	154	17.62629705430377	17.18902160479621	24.89194907822364	24.609011666483035	15.107687744911072	low	True	-0.22989122014068664
1	1	118	6.525546104174083	14.16875480680565	20.9937722460494	5.185535586714892	10.312027666313613	high	True	-0.18151130785864034
1	1	39	5.098716788950437	6.316885865017531	5.362185148200314	8.57788325187345	10.342088259372485	low	False	-0.07402499865164758
1	1	28	7.237215414182772	3.233454503102632	11.684353821190063	10.500425419841251	3.1368760298815883	low	False	-0.09828832315435898
1	1	1	4.973786612319895	18.83363412960862	12.688577844047549	16.739513795256478	12.165149085904332	low	False	-0.1429618446703067
1	1	19	4.864052873700094	15.392109395238142	15.376527335310591	9.960248571464325	19.86038257465992	low	True	-0.16494269795736338
1	1	7	6.942002776019699	6.979395174215388	9.915337158380982	6.165442955044401	3.890849817255968	low	False	-0.04496384148366728
1	1	47	18.64379741378155	14.81813885121449	13.855693822772938	18.931200824819307	17.948240107919688	low	True	-0.21522553039324888
1	1	23	6.0434687101706	5.498655639362314	12.998660013352042	16.954269668856725	8.670378945624691	low	False	-0.10903105986575223
1	1	3	13.216745431246808	3.310269850701048	7.035639408956635	19.42129057244992	7.073578213688559	low	False	-0.1270632166575384
1	1	14	11.463507536766569	12.704194804799766	6.240014537101278	5.437119998695641	19.81742424791567	low	False	-0.11968047186938346
1	1	9	8.549984939870598	3.840379346506848	12.734939494538253	19.244654096067546	11.31235126535877	low	False	-0.12302289221126483
1	1	5	6.443723014915663	4.13213355776066	7.402569093617343	19.393566276405775	12.00164732539888	low	False	-0.11143376585825704
1	0	4	17.298559139202794	12.056662565056698	21.99312259280052	5.761965077564126	23.567825443574986	med	False	-0.1378038314910237
1	1	1	7.788536045992597	13.862392433443008	17.00039271607078	7.110007655716803	18.938528093336643	low	True	-0.15330715845340426
1	1	5	14.561626578985123	9.083790816456826	7.934239597553688	19.96794311782955	6.368821311362279	med	False	-0.10312406413643238
1	1	5	16.14128357495959	7.834421203498654	19.105676448381736	11.310607509511016	8.975644563812779	high	False	-0.1100212033616893
1	1	9	15.472715392058731	18.921110691971112	5.654592180754809	7.805766435750767	13.807376130944345	low	False	-0.12368653872674495
1	1	20	17.696796889618803	14.08315807678972	13.826106210955633	17.598973867841814	16.383519310421846	med	True	-0.18359165221314377
1	1	35	9.39331331609006	11.09849107502086	11.847473315271	19.0633544224928	8.361193126440849	low	False	-0.11839918552681716
1	1	8	10.361709790968655	11.103596932111255	5.673549992166285	5.734225713183517	3.584913701240014	low	False	-0.055433863010226014
1	1	78	6.919367545181262	18.734592922794143	5.450264182913093	7.639692234198953	10.582808500449774	low	True	-0.16927909472304037
1	1	1	15.051672801298292	15.36350885223654	10.0730484044789	8.632058929027263	11.145959702042576	low	False	-0.0896653562287768
1	1	29	7.064315002818128	17.47031891525613	15.844323405818104	14.021124072573466	16.321145474152743	low	True	-0.18160496515797409
1	1	81	10.959437238114376	19.8927690314923	17.94027058687116	16.433186447004474	17.883903153341745	low	True	-0.22377997534921867
1	1	9	15.694937424956231	4.662462133927002	8.647593213921741	5.553746020542819	4.365786853850736	low	False	-0.08951850906297798
1	1	0	6.736458342643614	19.65581726578462	9.684126308256989	10.983508928106524	6.489072186049818	low	False	-0.0820976918943298
1	1	24	13.407769886965996	5.259479706457054	16.29495620688953	9.383133846892866	3.294794270668973	low	False	-0.12542902315014348
1	1	1	7.390330069202347	17.33714637628907	5.363155158614952	17.864791062587784	18.89209507906524	low	True	-0.1644950822202561
1	1	5	10.904998902448613	19.195424984860303	12.96075653664136	18.91675146390441	19.054807067020786	low	True	-0.17835840274228276
1	1	25	17.774601209609425	11.992363703732993	7.256572558295004	13.634060030401177	7.349453458434363	low	False	-0.10095255927391933
1	1	27	17.200529307095106	14.462892471810708	6.383357174713956	13.777806347261524	17.19522320830125	low	True	-0.16301221407492517
1	1	18	13.642023501637338	19.17925087731731	19.485348208140746	9.05187424914674	15.393534147579198	low	False	-0.14911361871938056
1	0	1	18.094400896698545	15.764293331865844	18.417678490634607	9.331898635719911	12.17116297994193	med	False	-0.13416114325067152
1	1	12	17.494221858133564	13.16358207411839	9.715291342506106	10.994500875767326	4.985125283051383	low	False	-0.09860538204961378
1	1	27	14.813612581773894	13.618959279406182	13.161217848863537	8.595390839815265	7.364160366377346	low	False	-0.09994541304393523
1	1	1	9.467048841445106	6.098465539027854	11.585616142383753	17.208711099914787	5.513684564640825	low	False	-0.09802836385561076
1	1	4	9.432656938345634	19.87352523210643	5.406609485478077	19.621007385134718	10.896672514113728	low	False	-0.11735239545217968
1	1	95	6.877491628199364	24.8092782221235	11.155139158190975	15.71188641214922	6.696566058000217	low	True	-0.1838127049354139
1	1	13	7.847357929683147	7.851647280449024	16.39498572022306	5.243770375684857	19.228880561049674	low	False	-0.14117686188721446
0	1	217	95.27922504993576	92.79172842877142	53.85168387861974	67.16757311957402	65.85620088064982	high	True	-0.26623929797573087
1	1	18	6.83352952769375	17.159784727082858	18.393631931366485	11.849745282656809	5.866756195929067	low	False	-0.11847423641032095
1	0	1	24.417115807746328	11.643153272933455	24.544868133764037	16.57145589163863	20.48491138796961	med	True	-0.1782847058406205
1	1	12	11.493083503627515	12.044766019176306	4.479974298182493	8.531740635984473	4.750222052595062	low	False	-0.05674651148850718
1	1	15	17.87433194853557	18.497361404288903	16.11921296080176	19.33398138343378	11.955348742803054	low	True	-0.1847930537475947
0	1	83	89.90726632351087	30.53093742564373	30.27108292234533	53.98612447307584	30.138334507965844	med	True	-0.26623929797573087
1	1	8	15.946599993429102	18.464363997836628	14.040235235272808	5.410589690517705	8.566626060175022	low	False	-0.13428336377689354
1	1	13	5.56733377183497	16.115083312958085	5.872449833759022	14.216651994114326	10.854949874000912	low	False	-0.1054809685146576
1	1	22	8.98552486879316	4.519887599908126	15.998159815074349	17.757175152411097	19.0833680368362	med	True	-0.1831309811461007
1	1	2	5.002698379883936	16.85831847781464	16.532755757135988	6.981687114126808	7.428117514751605	low	False	-0.11281983460445844
1	1	1	177.23655083992554	122.47485824191472	160.5692471731836	183.3801762436884	110.11496867801029	low	True	-0.21850861402082733
1	1	44	5.031570965862386	19.94795465024469	19.76457733154835	10.423098175339794	13.514421891380298	low	True	-0.17782081898874813
1	1	4	14.539281895078783	17.819437192506868	13.04477850838692	13.235671620336015	9.113768463770043	low	False	-0.11969075364544812
1	1	107	8.889393689767513	10.673110720013751	18.99407567274899	7.872216275411505	9.89021004251458	low	True	-0.1640853900380902
1	1	171	6.907551960967573	10.293306025516832	17.064744350329413	7.9413055315258685	16.06833265569877	low	True	-0.18593733771713483
1	1	79	8.71380629371884	12.592907339557817	24.33593620065947	23.068197059119985	8.171895107916054	low	True	-0.1908670336687196
1	1	3	9.556346561429	11.298683048268911	13.247247196121718	17.37973510390495	11.295127043914292	low	False	-0.11220523574250318
1	1	32	14.508676942779386	12.65863823768537	16.240933019167237	13.513798892865932	12.297879740274247	low	False	-0.14121786731597163
1	1	5	11.034331308515911	8.835060535394094	11.061613812104133	19.44785520827189	16.78691958517429	low	False	-0.14109213220507255
1	0	2	14.301767925666235	18.82306205588377	8.724668510052535	7.181714286242329	11.526981147319091	high	False	-0.06516678935792963
1	1	50	11.247323008871764	16.259759318297412	11.45016390521959	8.601327300008911	13.75148669282358	low	False	-0.14170666925806008
1	1	15	13.25519829912879	17.50848288527374	14.894675114428596	4.180984297180144	12.464942215229518	med	False	-0.14435251416937733
1	1	0	17.288924362271523	4.683061334395721	8.432509849447523	8.259621349296214	8.877594885087223	low	False	-0.07654680948261516
1	1	5	169.35009457339115	80.35158802351054	142.4863997137163	93.18643879962896	155.3206684978403	low	True	-0.21457354102713422
1	1	10	9.524538846992224	3.289085699280597	15.531322870949806	4.381628886540984	6.791669287394482	low	False	-0.10365100943740457
1	1	4	4.031097002523847	17.084157928445194	12.701904473101424	8.280708330556966	7.422499445534205	low	False	-0.10194122770600067
1	1	1	11.66303571819182	17.075302419864006	5.601682828522117	16.163967916142127	18.223132286221755	low	True	-0.1630441864284604
1	0	4	20.076407189656056	22.066152329051533	10.123098144641062	22.95433958199949	15.876108767734866	high	True	-0.17594289314959288
1	1	91	19.56731454428517	19.197669441492646	16.78443478881669	24.88328521656201	23.45917365158854	low	True	-0.2403357667560707
1	1	20	16.892730321379716	13.208717139431004	19.717314636814628	9.567224678262658	11.289676241178874	low	False	-0.12685429249250013
1	1	4	194.06110059129	191.45703823618368	155.0416799059508	99.96782475352472	109.8686757043226	med	True	-0.21554113689955767
1	1	1	3.3304636894253123	5.023979528278318	15.352191675977156	19.33859102229977	5.831906104781744	low	False	-0.14521836432238455
1	1	23	7.303159354182099	3.2233958829949025	3.286396781085887	17.45953540628794	3.614569873619816	low	False	-0.12857924959911404
